poss_1.jpg 5 184 99 66 65 117 182 74 71 234 177 68 67 303 110 69 66 370 195 74 72
poss_10.jpg 5 179 98 72 71 115 183 79 69 232 175 70 69 303 111 72 67 367 196 78 70
poss_11.jpg 5 178 101 72 66 114 182 80 70 229 174 71 71 303 111 72 68 368 194 71 72
poss_12.jpg 5 182 99 68 66 118 180 71 73 233 177 68 69 304 111 67 63 367 194 76 70
poss_13.jpg 5 67 94 81 73 114 197 78 76 209 128 67 71 256 225 79 77 329 124 78 74
poss_14.jpg 5 64 94 85 76 110 195 80 75 210 129 65 71 261 228 74 76 332 127 74 72
poss_15.jpg 5 73 97 71 74 114 196 80 79 208 128 72 72 260 225 74 77 328 124 76 73
poss_16.jpg 5 66 96 82 71 114 196 77 77 206 129 75 71 255 223 79 82 329 126 79 73
poss_17.jpg 5 67 94 78 73 114 196 78 77 207 130 73 72 257 223 76 84 328 124 79 74
poss_18.jpg 5 64 91 83 78 113 195 79 78 207 126 71 81 260 224 72 78 329 122 78 77
poss_19.jpg 5 67 94 80 75 113 196 74 79 208 128 72 80 256 223 80 78 328 124 77 79
poss_2.jpg 5 183 103 65 63 116 183 74 70 232 176 74 71 302 110 73 66 370 195 83 72
poss_20.jpg 5 64 88 83 80 114 193 78 77 206 127 77 75 254 222 89 84 331 124 79 79
poss_21.jpg 5 62 90 84 77 113 196 78 79 207 125 73 81 255 220 82 86 332 124 72 76
poss_22.jpg 5 69 93 79 76 115 198 75 72 203 127 80 77 256 223 82 80 327 124 83 72
poss_23.jpg 5 68 94 80 71 112 197 82 76 209 132 70 71 260 226 73 76 328 124 78 76
poss_24.jpg 5 69 95 79 77 114 196 74 77 204 128 73 75 255 225 79 79 331 124 78 80
poss_25.jpg 5 197 32 76 72 127 174 99 107 219 116 83 83 267 206 111 107 282 76 82 69
poss_26.jpg 5 196 36 79 64 127 178 101 101 220 118 89 83 282 74 83 74 263 208 112 99
poss_27.jpg 5 197 33 74 70 120 176 109 100 213 113 90 88 280 75 82 78 263 200 115 117
poss_28.jpg 5 195 35 78 68 120 178 104 96 218 117 92 80 281 74 86 71 260 203 113 112
poss_29.jpg 5 195 32 81 69 125 175 102 104 215 116 92 89 283 73 83 75 268 204 105 107
poss_3.jpg 5 184 99 65 66 115 181 80 75 233 175 71 72 302 111 66 68 366 192 75 76
poss_30.jpg 5 196 34 76 68 126 175 96 102 219 113 88 89 283 75 79 68 267 209 111 101
poss_31.jpg 5 196 34 82 69 116 175 108 101 217 110 89 96 285 71 85 79 263 206 110 102
poss_32.jpg 5 191 32 85 71 125 176 99 107 215 116 90 87 285 65 81 89 266 203 106 105
poss_33.jpg 5 186 27 88 80 123 176 101 108 218 116 88 88 284 68 85 82 266 204 104 105
poss_34.jpg 5 193 32 80 67 124 179 104 101 216 114 90 88 283 70 82 82 267 203 111 109
poss_35.jpg 5 188 31 91 69 125 177 99 105 221 112 82 92 280 78 90 69 256 205 124 109
poss_36.jpg 5 191 33 84 70 123 174 105 111 216 116 86 85 283 72 87 80 269 205 104 103
poss_4.jpg 5 183 101 63 64 115 181 75 71 227 178 76 67 298 112 82 63 367 193 79 70
poss_5.jpg 5 177 104 73 60 112 182 84 75 230 173 82 73 301 118 74 61 370 196 84 73
poss_6.jpg 5 182 102 73 64 116 178 74 76 233 174 72 73 304 113 68 61 366 195 83 75
poss_7.jpg 5 181 99 70 65 114 177 80 77 230 171 75 74 303 106 73 73 368 190 80 77
poss_8.jpg 5 180 98 70 68 118 175 75 79 235 177 73 66 300 111 76 67 369 190 75 72
poss_9.jpg 5 177 98 77 67 112 178 85 79 233 175 67 66 296 107 72 68 368 189 74 78
