POSS_1.jpg 5 69 57 84 85 91 259 54 55 129 367 104 101 353 342 36 36 338 171 91 89
POSS_10.jpg 3 143 97 155 155 327 351 64 67 257 262 212 217
POSS_11.jpg 1 76 57 348 351
POSS_12.jpg 1 24 47 450 443
POSS_13.jpg 3 99 45 80 90 208 192 52 62 371 87 122 123
POSS_14.jpg 2 99 51 210 219 297 296 196 203
POSS_15.jpg 6 40 108 32 35 206 149 35 37 125 313 66 72 384 214 27 30 376 391 46 47 360 21 86 90
POSS_16.jpg 3 233 77 118 115 83 342 63 70 374 321 63 60
POSS_17.jpg 1 70 56 202 202
POSS_18.jpg 3 64 180 91 95 298 63 133 134 225 337 64 69
POSS_19.jpg 4 201 96 110 108 93 299 76 77 39 232 188 181 252 369 76 78
POSS_2.jpg 6 72 57 79 80 91 255 56 63 131 365 99 104 206 237 89 93 352 341 36 39 341 175 84 82
POSS_20.jpg 2 209 146 73 74 126 54 241 239
POSS_21.jpg 3 83 114 182 173 284 52 113 114 332 337 88 93
POSS_22.jpg 2 90 214 97 104 285 110 115 117
POSS_23.jpg 3 112 51 196 197 58 286 174 176 297 338 135 141
POSS_3.jpg 1 231 31 243 243
POSS_4.jpg 3 75 139 126 121 221 290 87 96 221 26 247 246
POSS_5.jpg 6 10 20 75 73 300 42 36 34 159 96 41 43 116 298 72 78 270 175 56 62 385 323 71 74
POSS_6.jpg 3 177 79 143 137 48 273 135 134 360 330 68 74
POSS_7.jpg 2 18 183 50 52 320 225 138 137
POSS_8.jpg 2 250 36 138 135 103 308 97 103
POSS_9.jpg 4 172 170 64 68 30 317 85 94 231 296 90 102 222 26 191 163
